1551643710748.png|101|40|135|74
1551644032715.png|120|40|128|60
1551644026172.png|113|61|101|88
1551643723745.png|200|2|279|117
1551644033350.png|142|55|156|82
1551644025730.png|76|47|104|70
1551643711655.png|226|37|157|75
1551644042026.png|140|16|124|37
1551644023828.png|152|49|138|69
1551643710993.png|221|48|160|82
1551644023021.png|224|28|205|49
1551644033971.png|143|32|125|63
1551643710602.png|205|39|159|69
1551643714510.png|67|30|99|61
1551644037496.png|115|37|105|54
1551644033592.png|133|32|112|59
1551644037045.png|171|30|148|71
1551644025124.png|64|19|87|38
1551644022515.png|147|2|117|45
1551644026029.png|84|31|122|82
1551644022298.png|133|30|120|53
1551644036789.png|115|47|147|115
1551644034188.png|198|40|162|87
1551644030463.png|74|59|108|108
1551644024172.png|123|42|102|93
1551644034573.png|194|42|164|88
1551644037278.png|120|26|146|59
1551644025899.png|64|37|99|73
1551643711532.png|272|35|189|88
1551643724589.png|115|10|162|44
1551643711283.png|259|36|184|77
1551644038566.png|164|34|149|52
1551643715185.png|100|80|150|117
1551643715445.png|128|18|148|49
1551644037168.png|176|29|156|71
1551643726306.png|121|6|172|55
1551643709871.png|157|5|213|54
1551644034070.png|156|33|137|60
1551644036303.png|163|50|189|92
1551644036049.png|149|28|179|71
1551644035595.png|109|36|129|72
1551643723862.png|128|74|38|-2
1551643712512.png|86|34|147|71
1551644036670.png|180|38|203|84
1551643725341.png|134|60|71|1
1551644024062.png|178|46|160|80
1551644032600.png|91|24|111|57
1551644036923.png|136|31|119|64
1551643715319.png|112|72|154|112
1551644032980.png|166|50|149|90
1551644034315.png|200|34|168|75
1551644025620.png|73|40|106|70
1551644032348.png|58|13|76|47
1551644033718.png|141|33|121|59
1551644026300.png|97|61|122|84
1551643714628.png|92|25|131|75
1551643710472.png|211|38|173|70
1551644022402.png|118|16|131|49
1551643725998.png|230|101|256|116
1551644022774.png|209|4|174|43
1551643725230.png|104|2|157|56
1551643711803.png|188|51|114|89
1551643724716.png|140|37|104|23
1551643723303.png|104|24|14|2
1551643715666.png|139|13|161|34
1551644034440.png|217|40|188|78
1551643726440.png|200|60|134|3
1551643724243.png|113|0|181|58
1551644026694.png|104|58|72|81
1551644032232.png|51|17|31|47
1551644033099.png|169|58|153|98
1551644023260.png|197|47|170|74
1551643715076.png|94|51|122|87
1551643714397.png|155|29|210|115
1551643711416.png|271|40|202|90
1551643710877.png|117|46|188|84
1551643709473.png|157|32|177|57
1551644025370.png|66|62|101|96
1551643712052.png|168|25|98|73
1551644033466.png|162|39|148|89
1551643710241.png|170|11|124|59
1551643714966.png|98|29|120|50
1551643724131.png|95|5|167|46
1551644034690.png|173|48|154|92
1551644033841.png|125|32|145|76
1551644035834.png|132|73|168|109
1551643712285.png|173|13|118|60
1551644026445.png|83|49|114|92
1551644030233.png|49|50|88|87
1551643710120.png|170|6|117|83
1551644023138.png|198|31|159|80
1551644035941.png|159|42|179|64
1551643724468.png|176|47|105|3
1551643723461.png|192|58|80|2
1551644030352.png|75|43|101|65
1551643725077.png|133|20|171|68
1551644025248.png|68|39|98|59
1551644022889.png|213|55|187|18
1551644025498.png|71|34|105|63
1551643712157.png|174|7|103|56
1551643712396.png|156|7|96|73
1551643711138.png|258|54|184|91
1551643714726.png|207|20|235|52
1551643714281.png|218|12|260|56
1551643724356.png|187|4|121|58
1551643725470.png|145|44|71|-2
1551643710353.png|206|6|150|59
1551644035475.png|187|9|158|54
1551644032483.png|61|9|81|34
1551644035717.png|114|56|145|87
1551644035071.png|184|15|158|50
1551644026569.png|87|28|107|53
1551644036540.png|162|36|191|73
1551643723992.png|55|1|149|61
1551644022642.png|191|3|163|31
1551643715548.png|111|14|157|58
1551644034949.png|200|55|174|94
1551643726155.png|169|54|235|113
1551644036435.png|177|37|161|69
1551643710008.png|196|31|146|66
1551644024421.png|124|31|112|55
1551644034817.png|182|48|162|82
1551644032862.png|126|42|143|65
1551644026817.png|79|65|38|84
1551644036153.png|161|35|182|59
1551643711922.png|93|66|179|81
1551644033214.png|163|49|136|84
