1552066524313.png|0|-1|-1|-1|-1
1552066524348.png|0|-1|-1|-1|-1
1552066524389.png|0|-1|-1|-1|-1
1552066524417.png|0|-1|-1|-1|-1
1552066524451.png|0|-1|-1|-1|-1
1552066524480.png|0|-1|-1|-1|-1
1552066524515.png|0|-1|-1|-1|-1
1552066524549.png|0|-1|-1|-1|-1
1552066526572.png|1|108|50|82|98
1552066526611.png|1|108|62|84|101
1552066526655.png|1|103|68|80|100
1552066526716.png|1|98|79|79|100
1552066526750.png|1|102|74|81|101
1552066526785.png|1|102|81|77|101
1552066529584.png|1|105|54|35|99
1552066529625.png|1|87|61|24|99
1552066529667.png|1|95|65|28|100
1552066529701.png|1|117|59|55|101
1552066529736.png|1|121|51|57|98
1552066529778.png|1|113|42|38|101
1552066529827.png|1|92|12|13|77
1552066529854.png|1|90|10|18|66
1552066529910.png|1|60|1|5|38
1552066530035.png|1|42|3|5|36
1552066530069.png|1|60|6|8|73
1552066530111.png|1|81|5|30|65
1552066530139.png|1|92|3|45|61
1552066530167.png|1|113|7|59|59
1552066530201.png|1|129|16|75|64
1552066530251.png|1|105|20|138|71
1552066530300.png|1|94|13|134|68
1552066530334.png|1|104|31|69|82
1552066530371.png|1|54|31|91|80
1552066530403.png|1|31|29|74|74
1552066530444.png|1|29|28|71|74
1552066530479.png|1|45|35|73|74
1552066530514.png|1|66|33|96|80
1552066530549.png|1|75|33|111|83
1552066530590.png|1|111|32|141|77
1552066530618.png|1|77|20|111|64
1552066530655.png|1|73|17|111|67
1552066530687.png|1|59|14|100|69
1552066530723.png|0|-1|-1|-1|-1
1552066530771.png|1|125|25|71|62
1552066531986.png|1|117|25|100|71
1552066532209.png|1|130|26|142|69
1552066532250.png|1|115|35|132|76
1552066532285.png|1|111|46|129|83
1552066532334.png|1|112|47|127|86
1552066532375.png|1|105|52|123|92
1552066532410.png|1|99|56|118|95
1552066532452.png|1|89|49|108|86
1552066532487.png|1|86|47|106|87
1552066532528.png|1|87|50|107|88
1552066532563.png|1|87|44|106|86
1552066532612.png|1|80|36|97|77
1552066532659.png|1|70|29|85|58
1552066532701.png|1|67|30|81|56
1552066532729.png|1|64|26|80|53
1552066532764.png|1|60|28|76|54
1552066532812.png|1|59|23|78|52
1552066532847.png|1|57|23|74|50
1552066532889.png|1|60|29|78|53
1552066532917.png|1|66|28|80|52
1552066532945.png|1|69|29|88|55
1552066532986.png|1|68|34|87|58
1552066533022.png|1|67|37|84|57
1552066533055.png|1|64|41|78|76
1552066538160.png|1|30|24|42|59
1552066538223.png|1|49|33|60|62
1552066538250.png|1|55|33|63|66
1552066538286.png|1|60|36|71|71
1552066538326.png|1|64|43|77|75
1552066538362.png|1|66|50|78|72
1552066538390.png|1|62|48|77|68
1552066538425.png|1|78|59|60|68
1552066538458.png|1|54|55|69|74
1552066538507.png|1|48|53|64|71
1552066538542.png|1|45|55|59|71
1552066538577.png|0|-1|-1|-1|-1
1552066538626.png|1|55|59|71|75
1552066538660.png|1|59|59|75|74
1552066538702.png|1|60|52|74|63
1552066538741.png|1|58|49|77|66
1552066538778.png|1|56|55|76|68
1552066538817.png|1|57|55|74|68
1552066538847.png|1|54|54|69|71
1552066538898.png|1|54|50|69|70
1552066538938.png|1|55|47|70|65
1552066538986.png|1|59|40|71|58
1552066539021.png|1|59|42|75|66
1552066539065.png|1|69|42|84|58
1552066539098.png|1|75|36|89|53
1552066539125.png|1|72|41|85|56
1552066539153.png|1|70|42|83|59
1552066539181.png|1|69|51|81|67
1552066539216.png|1|60|51|76|74
1552066539250.png|1|72|56|90|74
1552066539285.png|1|84|50|99|68
1552066539334.png|1|91|41|105|62
1552066539375.png|1|90|40|105|61
1552066539403.png|1|88|42|103|64
1552066539430.png|1|87|39|101|63
1552066539466.png|1|86|37|99|58
1552066539493.png|1|87|35|102|56
1552066539528.png|1|86|31|104|50
1552066539556.png|1|83|26|99|45
1552066539590.png|1|78|26|99|44
1552066539648.png|1|69|42|84|60
1552066539688.png|1|61|50|79|67
1552066539722.png|1|57|52|78|71
1552066539750.png|1|57|53|76|72
1552066539778.png|1|57|53|78|72
1552066539806.png|1|56|54|76|74
1552066539841.png|1|55|53|76|74
1552066539876.png|1|55|53|77|68
1552066539911.png|1|72|53|59|67
1552066539939.png|1|72|59|63|68
1552066539972.png|1|72|62|63|74
1552066542905.png|1|109|11|8|98
1552066542932.png|1|51|4|9|87
